2025-04-08 19:14:55.845714 - Received CBT.V508.FILE107.PDS from FILE107.XMI 
2025-04-08 19:14:55.853727 - Found $$DOC.txt (text/plain) in CBT.V508.FILE107.PDS, moved to PDS/$$DOC
2025-04-08 19:14:55.855322 - Found $$README.txt (text/plain) in CBT.V508.FILE107.PDS, moved to PDS/$$README
2025-04-08 19:14:55.857646 - Found $INTRNLS.txt (text/plain) in CBT.V508.FILE107.PDS, moved to PDS/$INTRNLS
2025-04-08 19:14:55.860358 - Found $USERGDE.txt (text/plain) in CBT.V508.FILE107.PDS, moved to PDS/$USERGDE
2025-04-08 19:14:55.861923 - Found ##$DC.txt (text/plain) in CBT.V508.FILE107.PDS, moved to PDS/##$DC
2025-04-08 19:14:55.863408 - Found ##$OS.txt (text/plain) in CBT.V508.FILE107.PDS, moved to PDS/##$OS
2025-04-08 19:14:55.865079 - Found ##$PLI.txt (text/plain) in CBT.V508.FILE107.PDS, moved to PDS/##$PLI
2025-04-08 19:14:55.866631 - Found ##ASMH.txt (text/plain) in CBT.V508.FILE107.PDS, moved to PDS/##ASMH
2025-04-08 19:14:55.868476 - Found ##COND.txt (text/plain) in CBT.V508.FILE107.PDS, moved to PDS/##COND
2025-04-08 19:14:55.869944 - Found ##CVREG.txt (text/plain) in CBT.V508.FILE107.PDS, moved to PDS/##CVREG
2025-04-08 19:14:55.871545 - Found ##DEFSUB.txt (text/plain) in CBT.V508.FILE107.PDS, moved to PDS/##DEFSUB
2025-04-08 19:14:55.873197 - Found ##EESTD.txt (text/plain) in CBT.V508.FILE107.PDS, moved to PDS/##EESTD
2025-04-08 19:14:55.875220 - Found ##EPSTD.txt (text/plain) in CBT.V508.FILE107.PDS, moved to PDS/##EPSTD
2025-04-08 19:14:55.876798 - Found ##IESTD.txt (text/plain) in CBT.V508.FILE107.PDS, moved to PDS/##IESTD
2025-04-08 19:14:55.878278 - Found ##IGMSG.txt (text/plain) in CBT.V508.FILE107.PDS, moved to PDS/##IGMSG
2025-04-08 19:14:55.880100 - Found ##IPSTD.txt (text/plain) in CBT.V508.FILE107.PDS, moved to PDS/##IPSTD
2025-04-08 19:14:55.881917 - Found ##L.txt (text/plain) in CBT.V508.FILE107.PDS, moved to PDS/##L
2025-04-08 19:14:55.883373 - Found ##LA.txt (text/plain) in CBT.V508.FILE107.PDS, moved to PDS/##LA
2025-04-08 19:14:55.884914 - Found ##LDBS.txt (text/plain) in CBT.V508.FILE107.PDS, moved to PDS/##LDBS
2025-04-08 19:14:55.886275 - Found ##MODPFX.txt (text/plain) in CBT.V508.FILE107.PDS, moved to PDS/##MODPFX
2025-04-08 19:14:55.887743 - Found ##MREG.txt (text/plain) in CBT.V508.FILE107.PDS, moved to PDS/##MREG
2025-04-08 19:14:55.889123 - Found ##ORGS.txt (text/plain) in CBT.V508.FILE107.PDS, moved to PDS/##ORGS
2025-04-08 19:14:55.890440 - Found ##PEDC.txt (text/plain) in CBT.V508.FILE107.PDS, moved to PDS/##PEDC
2025-04-08 19:14:55.892326 - Found ##PEOS.txt (text/plain) in CBT.V508.FILE107.PDS, moved to PDS/##PEOS
2025-04-08 19:14:55.893903 - Found ##PEPLI.txt (text/plain) in CBT.V508.FILE107.PDS, moved to PDS/##PEPLI
2025-04-08 19:14:55.895501 - Found ##PLIST.txt (text/plain) in CBT.V508.FILE107.PDS, moved to PDS/##PLIST
2025-04-08 19:14:55.896974 - Found ##PPDC.txt (text/plain) in CBT.V508.FILE107.PDS, moved to PDS/##PPDC
2025-04-08 19:14:55.898989 - Found ##PPOS.txt (text/plain) in CBT.V508.FILE107.PDS, moved to PDS/##PPOS
2025-04-08 19:14:55.900470 - Found ##PPPLI.txt (text/plain) in CBT.V508.FILE107.PDS, moved to PDS/##PPPLI
2025-04-08 19:14:55.901875 - Found ##PRMOPT.txt (text/plain) in CBT.V508.FILE107.PDS, moved to PDS/##PRMOPT
2025-04-08 19:14:55.903226 - Found ##REGS.txt (text/plain) in CBT.V508.FILE107.PDS, moved to PDS/##REGS
2025-04-08 19:14:55.904742 - Found ##RST.txt (text/plain) in CBT.V508.FILE107.PDS, moved to PDS/##RST
2025-04-08 19:14:55.905997 - Found ##RWREG.txt (text/plain) in CBT.V508.FILE107.PDS, moved to PDS/##RWREG
2025-04-08 19:14:55.907457 - Found ##SESTD.txt (text/plain) in CBT.V508.FILE107.PDS, moved to PDS/##SESTD
2025-04-08 19:14:55.908986 - Found ##SPSTD.txt (text/plain) in CBT.V508.FILE107.PDS, moved to PDS/##SPSTD
2025-04-08 19:14:55.910508 - Found ##ST.txt (text/plain) in CBT.V508.FILE107.PDS, moved to PDS/##ST
2025-04-08 19:14:55.911813 - Found ##SUBOPT.txt (text/plain) in CBT.V508.FILE107.PDS, moved to PDS/##SUBOPT
2025-04-08 19:14:55.913099 - Found ##SWREG.txt (text/plain) in CBT.V508.FILE107.PDS, moved to PDS/##SWREG
2025-04-08 19:14:55.914800 - Found ##UCOND.txt (text/plain) in CBT.V508.FILE107.PDS, moved to PDS/##UCOND
2025-04-08 19:14:55.916137 - Found ##UESTD.txt (text/plain) in CBT.V508.FILE107.PDS, moved to PDS/##UESTD
2025-04-08 19:14:55.917676 - Found ##UPSTD.txt (text/plain) in CBT.V508.FILE107.PDS, moved to PDS/##UPSTD
2025-04-08 19:14:55.919052 - Found ##VEDSCT.txt (text/plain) in CBT.V508.FILE107.PDS, moved to PDS/##VEDSCT
2025-04-08 19:14:55.920341 - Found ##VEINLN.txt (text/plain) in CBT.V508.FILE107.PDS, moved to PDS/##VEINLN
2025-04-08 19:14:55.921757 - Found ##VOP.txt (text/plain) in CBT.V508.FILE107.PDS, moved to PDS/##VOP
2025-04-08 19:14:55.923061 - Found ##VPDSCT.txt (text/plain) in CBT.V508.FILE107.PDS, moved to PDS/##VPDSCT
2025-04-08 19:14:55.924399 - Found ##VPINLN.txt (text/plain) in CBT.V508.FILE107.PDS, moved to PDS/##VPINLN
2025-04-08 19:14:55.925873 - Found ##WESTD.txt (text/plain) in CBT.V508.FILE107.PDS, moved to PDS/##WESTD
2025-04-08 19:14:55.927239 - Found ##WPDC.txt (text/plain) in CBT.V508.FILE107.PDS, moved to PDS/##WPDC
2025-04-08 19:14:55.928707 - Found ##WPOS.txt (text/plain) in CBT.V508.FILE107.PDS, moved to PDS/##WPOS
2025-04-08 19:14:55.930079 - Found ##WPPLI.txt (text/plain) in CBT.V508.FILE107.PDS, moved to PDS/##WPPLI
2025-04-08 19:14:55.931563 - Found ##XEFF.txt (text/plain) in CBT.V508.FILE107.PDS, moved to PDS/##XEFF
2025-04-08 19:14:55.932895 - Found @FILE107.txt (text/plain) in CBT.V508.FILE107.PDS, moved to PDS/@FILE107
2025-04-08 19:14:55.934731 - Found BLOCK.txt (text/plain) in CBT.V508.FILE107.PDS, moved to PDS/BLOCK
2025-04-08 19:14:55.936226 - Found CALLSUB.txt (text/plain) in CBT.V508.FILE107.PDS, moved to PDS/CALLSUB
2025-04-08 19:14:55.937569 - Found CALLX.txt (text/plain) in CBT.V508.FILE107.PDS, moved to PDS/CALLX
2025-04-08 19:14:55.938867 - Found CASE.txt (text/plain) in CBT.V508.FILE107.PDS, moved to PDS/CASE
2025-04-08 19:14:55.940243 - Found CASEBLK.txt (text/plain) in CBT.V508.FILE107.PDS, moved to PDS/CASEBLK
2025-04-08 19:14:55.941927 - Found DC.txt (text/plain) in CBT.V508.FILE107.PDS, moved to PDS/DC
2025-04-08 19:14:55.943278 - Found DEFUCOND.txt (text/plain) in CBT.V508.FILE107.PDS, moved to PDS/DEFUCOND
2025-04-08 19:14:55.944633 - Found DEFVGTYP.txt (text/plain) in CBT.V508.FILE107.PDS, moved to PDS/DEFVGTYP
2025-04-08 19:14:55.946104 - Found DS.txt (text/plain) in CBT.V508.FILE107.PDS, moved to PDS/DS
2025-04-08 19:14:55.947590 - Found ELSE.txt (text/plain) in CBT.V508.FILE107.PDS, moved to PDS/ELSE
2025-04-08 19:14:55.949078 - Found ELSEIF.txt (text/plain) in CBT.V508.FILE107.PDS, moved to PDS/ELSEIF
2025-04-08 19:14:55.950628 - Found ENDBLK.txt (text/plain) in CBT.V508.FILE107.PDS, moved to PDS/ENDBLK
2025-04-08 19:14:55.951928 - Found ENDCASE.txt (text/plain) in CBT.V508.FILE107.PDS, moved to PDS/ENDCASE
2025-04-08 19:14:55.953254 - Found ENDIF.txt (text/plain) in CBT.V508.FILE107.PDS, moved to PDS/ENDIF
2025-04-08 19:14:55.954696 - Found ENDLOOP.txt (text/plain) in CBT.V508.FILE107.PDS, moved to PDS/ENDLOOP
2025-04-08 19:14:55.956482 - Found ENDPSD.txt (text/plain) in CBT.V508.FILE107.PDS, moved to PDS/ENDPSD
2025-04-08 19:14:55.957810 - Found ENDPWA.txt (text/plain) in CBT.V508.FILE107.PDS, moved to PDS/ENDPWA
2025-04-08 19:14:55.959324 - Found ENDSSD.txt (text/plain) in CBT.V508.FILE107.PDS, moved to PDS/ENDSSD
2025-04-08 19:14:55.960686 - Found ENDSWA.txt (text/plain) in CBT.V508.FILE107.PDS, moved to PDS/ENDSWA
2025-04-08 19:14:55.962160 - Found ENDVDA.txt (text/plain) in CBT.V508.FILE107.PDS, moved to PDS/ENDVDA
2025-04-08 19:14:55.963506 - Found EQU.txt (text/plain) in CBT.V508.FILE107.PDS, moved to PDS/EQU
2025-04-08 19:14:55.965075 - Found ERREXIT.txt (text/plain) in CBT.V508.FILE107.PDS, moved to PDS/ERREXIT
2025-04-08 19:14:55.966467 - Found EXI.txt (text/plain) in CBT.V508.FILE107.PDS, moved to PDS/EXI
2025-04-08 19:14:55.967991 - Found FILL.txt (text/plain) in CBT.V508.FILE107.PDS, moved to PDS/FILL
2025-04-08 19:14:55.969436 - Found IBIT.txt (text/plain) in CBT.V508.FILE107.PDS, moved to PDS/IBIT
2025-04-08 19:14:55.970788 - Found IF.txt (text/plain) in CBT.V508.FILE107.PDS, moved to PDS/IF
2025-04-08 19:14:55.972160 - Found LCBA.txt (text/plain) in CBT.V508.FILE107.PDS, moved to PDS/LCBA
2025-04-08 19:14:55.973934 - Found LEAVE.txt (text/plain) in CBT.V508.FILE107.PDS, moved to PDS/LEAVE
2025-04-08 19:14:55.975491 - Found LOOP.txt (text/plain) in CBT.V508.FILE107.PDS, moved to PDS/LOOP
2025-04-08 19:14:55.976927 - Found L16.txt (text/plain) in CBT.V508.FILE107.PDS, moved to PDS/L16
2025-04-08 19:14:55.978216 - Found L24.txt (text/plain) in CBT.V508.FILE107.PDS, moved to PDS/L24
2025-04-08 19:14:55.979624 - Found L32.txt (text/plain) in CBT.V508.FILE107.PDS, moved to PDS/L32
2025-04-08 19:14:55.980977 - Found L8.txt (text/plain) in CBT.V508.FILE107.PDS, moved to PDS/L8
2025-04-08 19:14:55.982494 - Found OLDFILL.txt (text/plain) in CBT.V508.FILE107.PDS, moved to PDS/OLDFILL
2025-04-08 19:14:55.984004 - Found OLDPPDC.txt (text/plain) in CBT.V508.FILE107.PDS, moved to PDS/OLDPPDC
2025-04-08 19:14:55.985560 - Found PLIST.txt (text/plain) in CBT.V508.FILE107.PDS, moved to PDS/PLIST
2025-04-08 19:14:55.987094 - Found PSD.txt (text/plain) in CBT.V508.FILE107.PDS, moved to PDS/PSD
2025-04-08 19:14:55.988712 - Found PWA.txt (text/plain) in CBT.V508.FILE107.PDS, moved to PDS/PWA
2025-04-08 19:14:55.990184 - Found RBIT.txt (text/plain) in CBT.V508.FILE107.PDS, moved to PDS/RBIT
2025-04-08 19:14:55.991525 - Found SBIT.txt (text/plain) in CBT.V508.FILE107.PDS, moved to PDS/SBIT
2025-04-08 19:14:55.992888 - Found SMCTRL.txt (text/plain) in CBT.V508.FILE107.PDS, moved to PDS/SMCTRL
2025-04-08 19:14:55.994258 - Found SMLIST.txt (text/plain) in CBT.V508.FILE107.PDS, moved to PDS/SMLIST
2025-04-08 19:14:55.995622 - Found SMPUCOND.txt (text/plain) in CBT.V508.FILE107.PDS, moved to PDS/SMPUCOND
2025-04-08 19:14:55.996875 - Found SMSYMS.txt (text/plain) in CBT.V508.FILE107.PDS, moved to PDS/SMSYMS
2025-04-08 19:14:55.998467 - Found SSD.txt (text/plain) in CBT.V508.FILE107.PDS, moved to PDS/SSD
2025-04-08 19:14:55.999808 - Found STRSA.txt (text/plain) in CBT.V508.FILE107.PDS, moved to PDS/STRSA
2025-04-08 19:14:56.001239 - Found SWA.txt (text/plain) in CBT.V508.FILE107.PDS, moved to PDS/SWA
2025-04-08 19:14:56.002789 - Found TBIT.txt (text/plain) in CBT.V508.FILE107.PDS, moved to PDS/TBIT
2025-04-08 19:14:56.004076 - Found TREG.txt (text/plain) in CBT.V508.FILE107.PDS, moved to PDS/TREG
2025-04-08 19:14:56.005468 - Found VDA.txt (text/plain) in CBT.V508.FILE107.PDS, moved to PDS/VDA
